         0   17215942     4982239231876096          2        235       1569          0          0 0 1 1 1 0          0          0          0 0         14      28648          1        112       2830          0         15 
         0   17215943     4982239231876096          3        235       1589          1          0 0 1 1 1 0          0          0          0 0         14      28648          1        142       2830          0         16 
         0   17215945     4982239231876096          5        235       1608          2          0 0 1 1 1 0          0          0          0 0         14      28648          1        262       2830          0        196 
         0   17215947     4982239231876096          7        235       1627          3          0 0 1 1 1 0          0          0          0 0         14      28668          1        292       2830          0         58 
         0   17215949     4982239248653312          9        235       1646          4          0 0 1 1 1 0          0          0          0 0         14      28668          1        322       2830          0        248 
         0   17215950     4982239248653312         10        235       1665          5          0 0 1 1 1 0          0          0          0 0         14      28668          1        474       2830          0         46 
         0   17215952     4982239248653312         12        235       1684          6          0 0 1 1 1 0          0          0          0 0         14      28668          1        690       2830          0        250 
         0   17215954     4982239248653312         14        235       1704          7          0 0 1 1 1 0          0          0          0 0         14      28668          1       1005       2830          0        112 
         0   17215956     4982239248653312         16        235       1723          8          0 0 1 1 1 0          0          0          0 0         14      28697          1       1396       2830          0          1 
         0   17215957     4982239248653312         17        235       1742          9          0 0 1 1 1 0          0          0          0 0         14      28697          1       1767       2830          0        138 
         0   17215959     4982239265430528         19        235       1762          0          1 0 1 1 1 0          0          0          0 0         14      28697          1        112       2830          0          5 
         0   17215961     4982239265430528         21        235       1781          1          1 0 1 1 1 0          0          0          0 0         14      28697          1        142       2830          0         66 
         0   17215963     4982239265430528         23        235       1800          2          1 0 1 1 1 0          0          0          0 0         14      28697          1        262       2830          0         57 
         0   17215965     4982239265430528         25        235       1819          3          1 0 1 1 1 0          0          0          0 0         14      28697          1        292       2830          0         87 
         0   17215966     4982239265430528         26        235       1838          4          1 0 1 1 1 0          0          0          0 0         14      28717          1        322       2830          0        121 
         0   17215968     4982239282207744         28        235       1858          5          1 0 1 1 1 0          0          0          0 0         14      28717          1        474       2830          0         70 
         0   17215970     4982239282207744         30        235       1877          6          1 0 1 1 1 0          0          0          0 0         14      28717          1        690       2830          0         14 
         0   17215972     4982239282207744         32        235       1896          7          1 0 1 1 1 0          0          0          0 0         14      28717          1       1005       2830          0         78 
         0   17215973     4982239282207744         33        235       1915          8          1 0 1 1 1 0          0          0          0 0         14      28717          1       1396       2830          0         41 
         0   17215975     4982239282207744         35        235       1934          9          1 0 1 1 1 0          0          0          0 0         14      28737          1       1767       2830          0         49 
         0   17215977     4982239298984960         37        235       1954          0          2 0 1 1 1 0          0          0          0 0         14      28737          1        112       2830          0        255 
         0   17215979     4982239298984960         39        235       1973          1          2 0 1 1 1 0          0          0          0 0         14      28737          1        142       2830          0         15 
         0   17215980     4982239298984960         40        235       1993          2          2 0 1 1 1 0          0          0          0 0         14      28737          1        262       2830          0        100 
         0   17215982     4982239298984960         42        235       2012          3          2 0 1 1 1 0          0          0          0 0         14      28737          1        292       2830          0        104 
         0   17215984     4982239298984960         44        235       2031          4          2 0 1 1 1 0          0          0          0 0         14      28756          1        322       2830          0        100 
         0   17215986     4982239315762176         46        235       2050          5          2 0 1 1 1 0          0          0          0 0         14      28756          1        474       2830          0        247 
         0   17215987     4982239315762176         47        235       2069          6          2 0 1 1 1 0          0          0          0 0         14      28756          1        690       2830          0        184 
         0   17215989     4982239315762176         49        235       2088          7          2 0 1 1 1 0          0          0          0 0         14      28756          1       1005       2830          0        120 
         0   17215991     4982239315762176         51        235       2107          8          2 0 1 1 1 0          0          0          0 0         14      28756          1       1396       2830          0         24 
         0   17215993     4982239315762176         53        235       2127          9          2 0 1 1 1 0          0          0          0 0         14      28776          1       1767       2830          0        220 
         0   17215994     4982239332539392         54        235       2147          0          3 0 1 1 1 0          0          0          0 0         14      28776          1        112       2830          0         81 
         0   17215996     4982239332539392         56        235       2166          1          3 0 1 1 1 0          0          0          0 0         14      28776          1        142       2830          0         67 
         0   17215998     4982239332539392         58        235       2185          2          3 0 1 1 1 0          0          0          0 0         14      28776          1        262       2830          0        104 
         0   17216000     4982239332539392         60        235       2204          3          3 0 1 1 1 0          0          0          0 0         14      28776          1        292       2830          0        215 
         0   17216001     4982239332539392         61        235       2223          4          3 0 1 1 1 0          0          0          0 0         14      28795          1        322       2830          0        128 
         0   17216003     4982239332539392         63        235       2242          5          3 0 1 1 1 0          0          0          0 0         14      28795          1        474       2830          0         28 
         0   17216005     4982239349316608         65        235       2262          6          3 0 1 1 1 0          0          0          0 0         14      28795          1        690       2830          0        206 
         0   17216007     4982239349316608         67        235       2281          7          3 0 1 1 1 0          0          0          0 0         14      28795          1       1005       2830          0        172 
         0   17216008     4982239349316608         68        235       2300          8          3 0 1 1 1 0          0          0          0 0         14      28795          1       1396       2830          0        185 
         0   17216010     4982239349316608         70        235       2319          9          3 0 1 1 1 0          0          0          0 0         14      28795          1       1767       2830          0        237 
         0   17216012     4982239349316608         72        235       2339          0          4 0 1 1 1 0          0          0          0 0         14      28815          1        112       2830          0        121 
         0   17216014     4982239366093824         74        235       2358          1          4 0 1 1 1 0          0          0          0 0         14      28815          1        142       2830          0         57 
         0   17216015     4982239366093824         75        235       2377          2          4 0 1 1 1 0          0          0          0 0         14      28815          1        262       2830          0         29 
         0   17216017     4982239366093824         77        235       2396          3          4 0 1 1 1 0          0          0          0 0         14      28815          1        292       2830          0        205 
         0   17216019     4982239366093824         79        235       2416          4          4 0 1 1 1 0          0          0          0 0         14      28815          1        322       2830          0         50 
         0   17216021     4982239366093824         81        235       2435          5          4 0 1 1 1 0          0          0          0 0         14      28835          1        474       2830          0        220 
         0   17216022     4982239382871040         82        235       2454          6          4 0 1 1 1 0          0          0          0 0         14      28835          1        690       2830          0        154 
         0   17216024     4982239382871040         84        235       2473          7          4 0 1 1 1 0          0          0          0 0         14      28835          1       1005       2830          0         79 
         0   17216026     4982239382871040         86        235       2492          8          4 0 1 1 1 0          0          0          0 0         14      28835          1       1396       2830          0        239 
         0   17216028     4982239382871040         88        235       2511          9          4 0 1 1 1 0          0          0          0 0         14      28835          1       1767       2830          0          1 
         0   17216029     4982239382871040         89        235       2531          0          5 0 1 1 1 0          0          0          0 0         14      28855          1        112       2830          0         75 
         0   17216031     4982239399648256         91        235       2550          1          5 0 1 1 1 0          0          0          0 0         14      28855          1        142       2830          0         11 
         0   17216033     4982239399648256         93        235       2570          2          5 0 1 1 1 0          0          0          0 0         14      28855          1        262       2830          0        243 
         0   17216035     4982239399648256         95        235       2589          3          5 0 1 1 1 0          0          0          0 0         14      28855          1        292       2830          0        191 
         0   17216036     4982239399648256         96        235       2608          4          5 0 1 1 1 0          0          0          0 0         14      28855          1        322       2830          0        136 
         0   17216038     4982239399648256         98        235       2627          5          5 0 1 1 1 0          0          0          0 0         14      28865          1        474       2830          0        214 
         0   17216040     4982239416425472        100        235       2646          6          5 0 1 1 1 0          0          0          0 0         14      28865          1        690       2830          0        104 
         0   17216042     4982239416425472        102        235       2665          7          5 0 1 1 1 0          0          0          0 0         14      28865          1       1005       2830          0         10 
         0   17216043     4982239416425472        103        235       2685          8          5 0 1 1 1 0          0          0          0 0         14      28865          1       1396       2830          0          5 
         0   17216045     4982239416425472        105        235       2704          9          5 0 1 1 1 0          0          0          0 0         14      28865          1       1767       2830          0         17 
         0   17216047     4982239416425472        107        235       2724          0          6 0 1 1 1 0          0          0          0 0         14      28885          1        112       2830          0        152 
         0   17216049     4982239416425472        109        235       2743          1          6 0 1 1 1 0          0          0          0 0         14      28885          1        142       2830          0         52 
         0   17216050     4982239433202688        110        235       2762          2          6 0 1 1 1 0          0          0          0 0         14      28885          1        262       2830          0        165 
         0   17216052     4982239433202688        112        235       2781          3          6 0 1 1 1 0          0          0          0 0         14      28885          1        292       2830          0         11 
         0   17216054     4982239433202688        114        235       2800          4          6 0 1 1 1 0          0          0          0 0         14      28885          1        322       2830          0         92 
         0   17216056     4982239433202688        116        235       2819          5          6 0 1 1 1 0          0          0          0 0         14      28885          1        474       2830          0        157 
         0   17216057     4982239433202688        117        235       2839          6          6 0 1 1 1 0          0          0          0 0         14      28905          1        690       2830          0        109 
         0   17216059     4982239449979904        119        235       2858          7          6 0 1 1 1 0          0          0          0 0         14      28905          1       1005       2830          0        189 
         0   17216061     4982239449979904        121        235       2877          8          6 0 1 1 1 0          0          0          0 0         14      28905          1       1396       2830          0        255 
         0   17216063     4982239449979904        123        235       2896          9          6 0 1 1 1 0          0          0          0 0         14      28905          1       1767       2830          0         65 
         0   17216064     4982239449979904        124        235       2916          0          7 0 1 1 1 0          0          0          0 0         14      28905          1        112       2830          0        185 
         0   17216066     4982239449979904        126        235       2935          1          7 0 1 1 1 0          0          0          0 0         14      28915          1        142       2830          0        101 
         0   17216068     4982239466757120        128        235       2954          2          7 0 1 1 1 0          0          0          0 0         14      28915          1        262       2830          0        175 
         0   17216070     4982239466757120        130        235       2973          3          7 0 1 1 1 0          0          0          0 0         14      28915          1        292       2830          0        227 
         0   17216071     4982239466757120        131        235       2993          4          7 0 1 1 1 0          0          0          0 0         14      28915          1        322       2830          0         27 
         0   17216073     4982239466757120        133        235       3012          5          7 0 1 1 1 0          0          0          0 0         14      28915          1        474       2830          0          2 
         0   17216075     4982239466757120        135        235       3031          6          7 0 1 1 1 0          0          0          0 0         14      28935          1        690       2830          0         99 
         0   17216077     4982239483534336        137        235       3050          7          7 0 1 1 1 0          0          0          0 0         14      28935          1       1005       2830          0        226 
         0   17216078     4982239483534336        138        235       3069          8          7 0 1 1 1 0          0          0          0 0         14      28935          1       1396       2830          0          0 
         0   17216080     4982239483534336        140        235       3088          9          7 0 1 1 1 0          0          0          0 0         14      28935          1       1767       2830          0         24 
         0   17216082     4982239483534336        142        235       3108          0          8 0 1 1 1 0          0          0          0 0         14      28935          1        112       2830          0        181 
         0   17216084     4982239483534336        144        235       3128          1          8 0 1 1 1 0          0          0          0 0         14      28945          1        142       2830          0        227 
         0   17216085     4982239500311552        145        235       3147          2          8 0 1 1 1 0          0          0          0 0         14      28945          1        262       2830          0        166 
         0   17216087     4982239500311552        147        235       3166          3          8 0 1 1 1 0          0          0          0 0         14      28945          1        292       2830          0        170 
         0   17216089     4982239500311552        149        235       3185          4          8 0 1 1 1 0          0          0          0 0         14      28945          1        322       2830          0         10 
         0   17216091     4982239500311552        151        235       3204          5          8 0 1 1 1 0          0          0          0 0         14      28945          1        474       2830          0        172 
         0   17216092     4982239500311552        152        235       3223          6          8 0 1 1 1 0          0          0          0 0         14      28965          1        690       2830          0        141 
         0   17216094     4982239500311552        154        235       3243          7          8 0 1 1 1 0          0          0          0 0         14      28965          1       1005       2830          0          7 
         0   17216096     4982239517088768        156        235       3262          8          8 0 1 1 1 0          0          0          0 0         14      28965          1       1396       2830          0        168 
         0   17216098     4982239517088768        158        235       3281          9          8 0 1 1 1 0          0          0          0 0         14      28965          1       1767       2830          0         86 
         0   17216099     4982239517088768        159        235       3301          0          9 0 1 1 1 0          0          0          0 0         14      28965          1        112       2830          0         28 
         0   17216101     4982239517088768        161        235       3320          1          9 0 1 1 1 0          0          0          0 0         14      28965          1        142       2830          0        223 
         0   17216103     4982239517088768        163        235       3339          2          9 0 1 1 1 0          0          0          0 0         14      28975          1        262       2830          0        228 
         0   17216105     4982239533865984        165        235       3358          3          9 0 1 1 1 0          0          0          0 0         14      28975          1        292       2830          0        175 
         0   17216106     4982239533865984        166        235       3377          4          9 0 1 1 1 0          0          0          0 0         14      28975          1        322       2830          0        186 
         0   17216108     4982239533865984        168        235       3397          5          9 0 1 1 1 0          0          0          0 0         14      28975          1        474       2830          0         30 
         0   17216110     4982239533865984        170        235       3416          6          9 0 1 1 1 0          0          0          0 0         14      28975          1        690       2830          0          7 
         0   17216112     4982239533865984        172        235       3435          7          9 0 1 1 1 0          0          0          0 0         14      28985          1       1005       2830          0        149 
         0   17216113     4982239550643200        173        235       3454          8          9 0 1 1 1 0          0          0          0 0         14      28985          1       1396       2830          0         51 
         0   17216115     4982239550643200        175        235       3473          9          9 0 1 1 1 0          0          0          0 0         14      28985          1       1767       2830          0        197 
         0   17216117     4982239550643200        177        235       3493          0         10 0 1 1 1 0          0          0          0 0         14      28985          1        112       2830          0        156 
         0   17216119     4982239550643200        179        235       3512          1         10 0 1 1 1 0          0          0          0 0         14      28985          1        142       2830          0         61 
         0   17216120     4982239550643200        180        235       3531          2         10 0 1 1 1 0          0          0          0 0         14      29005          1        262       2830          0        133 
         0   17216122     4982239567420416        182        235       3551          3         10 0 1 1 1 0          0          0          0 0         14      29005          1        292       2830          0        209 
         0   17216124     4982239567420416        184        235       3570          4         10 0 1 1 1 0          0          0          0 0         14      29005          1        322       2830          0         36 
         0   17216126     4982239567420416        186        235       3589          5         10 0 1 1 1 0          0          0          0 0         14      29005          1        474       2830          0        243 
         0   17216128     4982239567420416        188        235       3608          6         10 0 1 1 1 0          0          0          0 0         14      29005          1        690       2830          0         55 
         0   17216129     4982239567420416        189        235       3627          7         10 0 1 1 1 0          0          0          0 0         14      29015          1       1005       2830          0        111 
         0   17216131     4982239584197632        191        235       3646          8         10 0 1 1 1 0          0          0          0 0         14      29015          1       1396       2830          0         61 
         0   17216133     4982239584197632        193        235       3666          9         10 0 1 1 1 0          0          0          0 0         14      29015          1       1767       2830          0         88 
         0   17216135     4982239584197632        195        235       3685          0         11 0 1 1 1 0          0          0          0 0         14      29015          1        112       2830          0        253 
         0   17216136     4982239584197632        196        235       3705          1         11 0 1 1 1 0          0          0          0 0         14      29015          1        142       2830          0         65 
         0   17216138     4982239584197632        198        235       3724          2         11 0 1 1 1 0          0          0          0 0         14      29025          1        262       2830          0        253 
         0   17216140     4982239584197632        200        235       3743          3         11 0 1 1 1 0          0          0          0 0         14      29025          1        292       2839          0         78 
         0   17216141     4982239600974848        201        235       3762          4         11 0 1 1 1 0          0          0          0 0         14      29025          1        322       2830          0         51 
         0   17216143     4982239600974848        203        235       3781          5         11 0 1 1 1 0          0          0          0 0         14      29025          1        474       2830          0        221 
         0   17216145     4982239600974848        205        235       3800          6         11 0 1 1 1 0          0          0          0 0         14      29025          1        690       2830          0         24 
         0   17216147     4982239600974848        207        235       3820          7         11 0 1 1 1 0          0          0          0 0         14      29025          1       1005       2830          0        131 
         0   17216148     4982239600974848        208        235       3839          8         11 0 1 1 1 0          0          0          0 0         14      29035          1       1396       2839          0         79 
         0   17216150     4982239617752064        210        235       3858          9         11 0 1 1 1 0          0          0          0 0         14      29035          1       1767       2830          0         53 
         0   17216152     4982239617752064        212        235       3878          0         12 0 1 1 1 0          0          0          0 0         14      29035          1        112       2830          0        196 
         0   17216154     4982239617752064        214        235       3897          1         12 0 1 1 1 0          0          0          0 0         14      29035          1        142       2830          0         37 
         0   17216155     4982239617752064        215        235       3916          2         12 0 1 1 1 0          0          0          0 0         14      29035          1        262       2839          0        141 
         0   17216157     4982239617752064        217        235       3935          3         12 0 1 1 1 0          0          0          0 0         14      29045          1        292       2830          0        157 
         0   17216159     4982239634529280        219        235       3954          4         12 0 1 1 1 0          0          0          0 0         14      29045          1        322       2830          0         58 
         0   17216161     4982239634529280        221        235       3974          5         12 0 1 1 1 0          0          0          0 0         14      29045          1        474       2839          0        227 
         0   17216162     4982239634529280        222        235       3993          6         12 0 1 1 1 0          0          0          0 0         14      29045          1        690       2839          0        184 
         0   17216164     4982239634529280        224        235       4012          7         12 0 1 1 1 0          0          0          0 0         14      29045          1       1005       2839          0        233 
         0   17216166     4982239634529280        226        235       4031          8         12 0 1 1 1 0          0          0          0 0         14      29055          1       1396       2830          0        197 
         0   17216168     4982239651306496        228        235       4050          9         12 0 1 1 1 0          0          0          0 0         14      29055          1       1767       2830          0         54 
         0   17216170     4982239651306496        230        235       4070          0         13 0 1 1 1 0          0          0          0 0         14      29055          1        112       2830          0        123 
         0   17216171     4982239651306496        231        235       4089          1         13 0 1 1 1 0          0          0          0 0         14      29055          1        142       2839          0         64 
         0   17216173     4982239651306496        233        235       4109          2         13 0 1 1 1 0          0          0          0 0         14      29055          1        262       2839          0        219 
         0   17216175     4982239651306496        235        235       4128          3         13 0 1 1 1 0          0          0          0 0         14      29075          1        292       2830          0         31 
         0   17216177     4982239668083712        237        235       4147          4         13 0 1 1 1 0          0          0          0 0         14      29075          1        322       2839          0         13 
         0   17216178     4982239668083712        238        235       4166          5         13 0 1 1 1 0          0          0          0 0         14      29075          1        474       2839          0        161 
         0   17216180     4982239668083712        240        235       4185          6         13 0 1 1 1 0          0          0          0 0         14      29075          1        690       2830          0        199 
         0   17216182     4982239668083712        242        235       4204          7         13 0 1 1 1 0          0          0          0 0         14      29075          1       1005       2830          0        244 
         0   17216184     4982239668083712        244        235       4224          8         13 0 1 1 1 0          0          0          0 0         14      29085          1       1396       2839          0        248 
         0   17216185     4982239668083712        245        235       4243          9         13 0 1 1 1 0          0          0          0 0         14      29085          1       1767       2830          0        164 
         0   17216187     4982239684860928        247        235       4263          0         14 0 1 1 1 0          0          0          0 0         14      29085          1        112       2839          0        195 
         0   17216189     4982239684860928        249        235       4282          1         14 0 1 1 1 0          0          0          0 0         14      29085          1        142       2839          0        192 
         0   17216191     4982239684860928        251        235       4301          2         14 0 1 1 1 0          0          0          0 0         14      29085          1        262       2839          0        242 
         0   17216192     4982239684860928        252        235       4320          3         14 0 1 1 1 0          0          0          0 0         14      29085          1        292       2830          0        226 
         0   17216194     4982239684860928        254        235       4339          4         14 0 1 1 1 0          0          0          0 0         14      29095          1        322       2830          0        214 
         0   17216196     4982239701638144        256        235       4358          5         14 0 1 1 1 0          0          0          0 0         14      29095          1        474       2830          0        132 
         0   17216198     4982239701638144        258        235       4378          6         14 0 1 1 1 0          0          0          0 0         14      29095          1        690       2830          0         53 
         0   17216199     4982239701638144        259        235       4397          7         14 0 1 1 1 0          0          0          0 0         14      29095          1       1005       2830          0         65 
         0   17216201     4982239701638144        261        235       4416          8         14 0 1 1 1 0          0          0          0 0         14      29095          1       1396       2830          0        174 
         0   17216203     4982239701638144        263        235       4435          9         14 0 1 1 1 0          0          0          0 0         14      29095          1       1767       2830          0         40 
         0   17216205     4982239718415360        265        235       4455          0         15 0 1 1 1 0          0          0          0 0         14      29095          1        112       2830          0         53 
         0   17216206     4982239718415360        266        235       4474          1         15 0 1 1 1 0          0          0          0 0         14      29095          1        142       2830          0        150 
         0   17216208     4982239718415360        268        235       4493          2         15 0 1 1 1 0          0          0          0 0         14      29095          1        262       2830          0        112 
         0   17216210     4982239718415360        270        235       4512          3         15 0 1 1 1 0          0          0          0 0         14      29095          1        292       2830          0          8 
         0   17216212     4982239718415360        272        235       4532          4         15 0 1 1 1 0          0          0          0 0         14      29115          1        322       2830          0         77 
         0   17216213     4982239735192576        273        235       4551          5         15 0 1 1 1 0          0          0          0 0         14      29115          1        474       2839          0          9 
         0   17216215     4982239735192576        275        235       4570          6         15 0 1 1 1 0          0          0          0 0         14      29115          1        690       2839          0         16 
         0   17216217     4982239735192576        277        235       4589          7         15 0 1 1 1 0          0          0          0 0         14      29115          1       1005       2830          0          9 
         0   17216219     4982239735192576        279        235       4608          8         15 0 1 1 1 0          0          0          0 0         14      29115          1       1396       2830          0        104 
         0   17216220     4982239735192576        280        235       4627          9         15 0 1 1 1 0          0          0          0 0         14      29115          1       1767       2839          0        147 
         0   17216222     4982239751969792        282        235       4647          0         16 0 1 1 1 0          0          0          0 0         14      29115          1        112       2839          0        249 
         0   17216224     4982239751969792        284        235       4666          1         16 0 1 1 1 0          0          0          0 0         14      29115          1        142       2839          0         82 
         0   17216226     4982239751969792        286        235       4686          2         16 0 1 1 1 0          0          0          0 0         14      29115          1        262       2839          0        136 
         0   17216228     4982239751969792        288        235       4705          3         16 0 1 1 1 0          0          0          0 0         14      29115          1        292       2830          0         15 
         0   17216229     4982239751969792        289        235       4724          4         16 0 1 1 1 0          0          0          0 0         14      29125          1        322       2830          0          5 
         0   17216231     4982239751969792        291        235       4743          5         16 0 1 1 1 0          0          0          0 0         14      29125          1        474       2839          0        190 
         0   17216233     4982239768747008        293        235       4762          6         16 0 1 1 1 0          0          0          0 0         14      29125          1        690       2839          0        224 
         0   17216235     4982239768747008        295        235       4781          7         16 0 1 1 1 0          0          0          0 0         14      29125          1       1005       2830          0         78 
         0   17216237     4982239768747008        297        235       4801          8         16 0 1 1 1 0          0          0          0 0         14      29125          1       1396       2839          0        193 
         0   17216238     4982239768747008        298        235       4820          9         16 0 1 1 1 0          0          0          0 0         14      29125          1       1767       2830          0         88 
         0   17216240     4982239768747008        300        235       4840          0         17 0 1 1 1 0          0          0          0 0         14      29135          1        112       2839          0        148 
         0   17216242     4982239785524224        302        235       4859          1         17 0 1 1 1 0          0          0          0 0         14      29135          1        142       2830          0         60 
         0   17216245     4982239785524224        305        235       4878          2         17 0 1 1 1 0          0          0          0 0         14      29135          1        262       2830          0        182 
         0   17216247     4982239785524224        307        235       4897          3         17 0 1 1 1 0          0          0          0 0         14      29135          1        292       2839          0         83 
         0   17216249     4982239785524224        309        235       4916          4         17 0 1 1 1 0          0          0          0 0         14      29135          1        322       2839          0        199 
         0   17216251     4982239785524224        311        235       4935          5         17 0 1 1 1 0          0          0          0 0         14      29145          1        474       2830          0        201 
         0   17216253     4982239802301440        313        235       4955          6         17 0 1 1 1 0          0          0          0 0         14      29145          1        690       2839          0        247 
         0   17216255     4982239802301440        315        235       4974          7         17 0 1 1 1 0          0          0          0 0         14      29145          1       1005       2830          0         25 
         0   17216257     4982239802301440        317        235       4993          8         17 0 1 1 1 0          0          0          0 0         14      29145          1       1396       2839          0        220 
         0   17216259     4982239802301440        319        235       5012          9         17 0 1 1 1 0          0          0          0 0         14      29145          1       1767       2839          0        154 
         0   17216261     4982239802301440        321        235       5032          0         18 0 1 1 1 0          0          0          0 0         14      29155          1        112       2839          0        148 
         0   17216263     4982239819078656        323        235       5051          1         18 0 1 1 1 0          0          0          0 0         14      29155          1        142       2839          0        229 
         0   17216266     4982239819078656        326        235       5070          2         18 0 1 1 1 0          0          0          0 0         14      29155          1        262       2830          0        250 
         0   17216268     4982239819078656        328        235       5090          3         18 0 1 1 1 0          0          0          0 0         14      29155          1        292       2839          0         85 
         0   17216270     4982239819078656        330        235       5109          4         18 0 1 1 1 0          0          0          0 0         14      29155          1        322       2830          0        235 
         0   17216273     4982239819078656        333        235       5128          5         18 0 1 1 1 0          0          0          0 0         14      29165          1        474       2839          0        179 
         0   17216275     4982239835855872        335        235       5147          6         18 0 1 1 1 0          0          0          0 0         14      29165          1        690       2839          0        139 
         0   17216277     4982239835855872        337        235       5166          7         18 0 1 1 1 0          0          0          0 0         14      29165          1       1005       2839          0         90 
         0   17216279     4982239835855872        339        235       5185          8         18 0 1 1 1 0          0          0          0 0         14      29165          1       1396       2830          0        159 
         0   17216281     4982239835855872        341        235       5205          9         18 0 1 1 1 0          0          0          0 0         14      29165          1       1767       2839          0         27 
         0   17216283     4982239835855872        343        235       5224          0         19 0 1 1 1 0          0          0          0 0         14      29175          1        112       2839          0         67 
         0   17216285     4982239835855872        345        235       5244          1         19 0 1 1 1 0          0          0          0 0         14      29175          1        142       2830          0         36 
         0   17216288     4982239852633088        348        235       5263          2         19 0 1 1 1 0          0          0          0 0         14      29175          1        262       2839          0        188 
         0   17216290     4982239852633088        350        235       5282          3         19 0 1 1 1 0          0          0          0 0         14      29175          1        292       2839          0        196 
         0   17216292     4982239852633088        352        235       5301          4         19 0 1 1 1 0          0          0          0 0         14      29175          1        322       2839          0        197 
         0   17216295     4982239852633088        355        235       5320          5         19 0 1 1 1 0          0          0          0 0         14      29175          1        474       2839          0        120 
